[ 0.         0.        80.56388   16.198404  15.877913  38.906273     
  5.2374663 34.379482   0.         0.         8.545908   0.
 28.69021    0.        46.85001    0.        19.251894   0.
  0.         8.129999   0.         0.        27.800257   0.
 30.201479  25.897469  42.49567    0.       ]

[6.1584406e-02 0.0000000e+00 1.1092126e-01 2.1441238e+01 1.6727118e+01
 2.8592020e+01 0.0000000e+00 5.1698196e+01 0.0000000e+00 0.0000000e+00
 3.8995651e+01 0.0000000e+00 2.1899708e+01 0.0000000e+00 4.0211781e+01
 5.7647777e+00 7.5180603e+01 2.3192770e+01 0.0000000e+00 0.0000000e+00
 0.0000000e+00 0.0000000e+00 8.7633049e+01 0.0000000e+00 0.0000000e+00
 4.4802818e+01 5.3021683e+01 3.2681252e+01]

 [[0.        ]
 [0.        ]
 [0.24705882]
 [0.13333334]
 [0.8156863 ]
 [0.75686276]
 [0.21568628]
 [0.24313726]
 [0.        ]
 [0.        ]
 [0.5137255 ]
 [0.        ]
 [0.5803922 ]
 [0.        ]
 [0.6666667 ]
 [0.        ]
 [0.1764706 ]
 [0.        ]
 [0.        ]
 [0.09803922]
 [0.        ]
 [0.        ]
 [0.69411767]
 [0.        ]
 [0.08235294]
 [0.79607844]
 [0.32941177]
 [0.        ]]
[[0.05882353]
 [0.        ]
 [0.10980392]
 [0.35686275]
 [0.6627451 ]
 [0.47843137]
 [0.        ]
 [0.49803922]
 [0.        ]
 [0.        ]
 [0.84313726]
 [0.        ]
 [0.8156863 ]
 [0.        ]
 [0.05490196]
 [0.74509805]
 [0.8901961 ]
 [0.10196079]
 [0.        ]
 [0.        ]
 [0.        ]
 [0.        ]
 [0.2901961 ]
 [0.        ]
 [0.        ]
 [0.627451  ]
 [0.8156863 ]
 [0.5529412 ]]